255 255 255 255 255 255 255 255 255 255 255 255 255 255 255 255
255 255 255 255 255 255 255 255 255 255 255 255 255 255 255 255
255 255   0   0   0   0   0   0   0   0   0   0   0   0 255 255
255 255   0   0   0   0   0   0   0   0   0   0   0   0 255 255
255 255   0   0 252 252 251 252 252 251 251 251   0   0 255 255
255 255   0   0 251 251 251 251 251 251 251 251   0   0 255 255
255 255   0   0 251 252 251 251 251 251 251 251   0   0 255 255
255 255   0   0  34   1 253 188   1 254 253 251   0   0 255 255
255 255   0   0  33   0   0 184   2   0 251 251   0   0 255 255
255 255   0   0 251 251 251 252 252 251 251 251   0   0 255 255
255 255   0   0 251 251 251 251 251 251 251 251   0   0 255 255
255 255   0   0 251 251 252 252 252 252 251 252   0   0 255 255
255 255   0   0   0   0   0   0   0   0   0   0   0   0 255 255
255 255   0   0   0   0   0   0   0   0   0   0   0   0 255 255
255 255 255 255 255 255 255 255 255 255 255 255 255 255 255 255
255 255 255 255 255 255 255 255 255 255 255 255 255 255 255 255
255 255 255 255 255 255 255 255 255 255 255 255 255 255 255 255
255 255 255 255 255 255 255 255 255 255 255 255 255 255 255 255
255 255   0   0   0   0   0   0   0   0   0   0   0   0 255 255
255 255   0   0   0   0   0   0   0   0   0   0   0   0 255 255
255 255   0   0 252 252 251 251 251 252 251 251   0   0 255 255
255 255   0   0 251 251 251 251 251 251 251 251   0   0 255 255
255 255   0   0 251 251 251 251 251 251 251 251   0   0 255 255
255 255   0   0  35   1 253 194   1 253 253 252   0   0 255 255
255 255   0   0  33   0   0 188   2   0 252 251   0   0 255 255
255 255   0   0 251 252 251 252 252 252 252 251   0   0 255 255
255 255   0   0 251 251 251 251 251 251 251 251   0   0 255 255
255 255   0   0 251 251 251 251 251 251 250 251   0   0 255 255
255 255   0   0   0   0   0   0   0   0   0   0   0   0 255 255
255 255   0   0   0   0   0   0   0   0   0   0   0   0 255 255
255 255 255 255 255 255 255 255 255 255 255 255 255 255 255 255
255 255 255 255 255 255 255 255 255 255 255 255 255 255 255 255
255 255 255 255 255 255 255 255 255 255 255 255 255 255 255 255
255 255 255 255 255 255 255 255 255 255 255 255 255 255 255 255
255 255   0   0   0   0   0   0   0   0   0   0   0   0 255 255
255 255   0   0   0   0   0   0   0   0   0   0   0   0 255 255
255 255   0   0 251 251 251 251 251 251 251 251   0   0 255 255
255 255   0   0 251 251 251 251 251 251 251 251   0   0 255 255
255 255   0   0 251 251 251 251 251 251 251 251   0   0 255 255
255 255   0   0   9   0 253 123   2 253 253 251   0   0 255 255
255 255   0   0   6   0   0 128   1   0 252 251   0   0 255 255
255 255   0   0 251 251 251 251 251 251 251 251   0   0 255 255
255 255   0   0 251 251 251 251 251 251 251 252   0   0 255 255
255 255   0   0 251 251 251 251 251 251 251 251   0   0 255 255
255 255   0   0   0   0   0   0   0   0   0   0   0   0 255 255
255 255   0   0   0   0   0   0   0   0   0   0   0   0 255 255
255 255 255 255 255 255 255 255 255 255 255 255 255 255 255 255
255 255 255 255 255 255 255 255 255 255 255 255 255 255 255 255

255 255 255 255 255 255 255 255 255 255 255 255 255 255 255 255
255 255 255 255 255 255 255 255 255 255 255 255 255 255 255 255
255 255   0   0   0   0   0   0   0   0   0   0   0   0 255 255
255 255   0   0   0   0   0   0   0   0   0   0   0   0 255 255
255 255   0   0 251 251 251 251 251 251 251 252   0   0 255 255
255 255   0   0 251 251 251 253 251 251 251 251   0   0 255 255
255 255   0   0 251 251 251 254   0 251 251 252   0   0 255 255
255 255   0   0 252 251 251   1   2 252 251 252   0   0 255 255
255 255   0   0 252 251 251 188 184 252 251 252   0   0 255 255
255 255   0   0 251 251 251 253   0 251 251 252   0   0 255 255
255 255   0   0 252 251 252   1   0 251 251 251   0   0 255 255
255 255   0   0 252 251 251  34  33 251 251 251   0   0 255 255
255 255   0   0   0   0   0   0   0   0   0   0   0   0 255 255
255 255   0   0   0   0   0   0   0   0   0   0   0   0 255 255
255 255 255 255 255 255 255 255 255 255 255 255 255 255 255 255
255 255 255 255 255 255 255 255 255 255 255 255 255 255 255 255
255 255 255 255 255 255 255 255 255 255 255 255 255 255 255 255
255 255 255 255 255 255 255 255 255 255 255 255 255 255 255 255
255 255   0   0   0   0   0   0   0   0   0   0   0   0 255 255
255 255   0   0   0   0   0   0   0   0   0   0   0   0 255 255
255 255   0   0 251 251 251 252 251 251 251 251   0   0 255 255
255 255   0   0 251 251 251 253 252 252 251 250   0   0 255 255
255 255   0   0 252 251 251 253   0 252 251 251   0   0 255 255
255 255   0   0 251 251 251   1   2 252 251 251   0   0 255 255
255 255   0   0 251 251 251 194 188 252 251 251   0   0 255 255
255 255   0   0 251 251 251 253   0 251 251 251   0   0 255 255
255 255   0   0 252 251 251   1   0 252 251 251   0   0 255 255
255 255   0   0 252 251 251  35  33 251 251 251   0   0 255 255
255 255   0   0   0   0   0   0   0   0   0   0   0   0 255 255
255 255   0   0   0   0   0   0   0   0   0   0   0   0 255 255
255 255 255 255 255 255 255 255 255 255 255 255 255 255 255 255
255 255 255 255 255 255 255 255 255 255 255 255 255 255 255 255
255 255 255 255 255 255 255 255 255 255 255 255 255 255 255 255
255 255 255 255 255 255 255 255 255 255 255 255 255 255 255 255
255 255   0   0   0   0   0   0   0   0   0   0   0   0 255 255
255 255   0   0   0   0   0   0   0   0   0   0   0   0 255 255
255 255   0   0 251 251 251 251 251 251 252 251   0   0 255 255
255 255   0   0 251 251 251 253 252 251 251 251   0   0 255 255
255 255   0   0 251 251 251 253   0 251 251 251   0   0 255 255
255 255   0   0 251 251 251   2   1 251 251 251   0   0 255 255
255 255   0   0 251 251 251 123 128 251 251 251   0   0 255 255
255 255   0   0 251 251 251 253   0 251 251 251   0   0 255 255
255 255   0   0 251 251 251   0   0 251 251 251   0   0 255 255
255 255   0   0 251 251 251   9   6 251 251 251   0   0 255 255
255 255   0   0   0   0   0   0   0   0   0   0   0   0 255 255
255 255   0   0   0   0   0   0   0   0   0   0   0   0 255 255
255 255 255 255 255 255 255 255 255 255 255 255 255 255 255 255
255 255 255 255 255 255 255 255 255 255 255 255 255 255 255 255

255 255 255 255 255 255 255 255 255 255 255 255 255 255 255 255
255 214 153 153 153 153 153 153 153 153 153 153 153 153 214 255
255 153   0   0   0   0   0   0   0   0   0   0   0   0 153 255
255 153   0   0   0   0   0   0   0   0   0   0   0   0 153 255
255 153   0   0 152 195 195 195 195 195 195 152   0   0 153 255
255 153   0   0 195 250 250 250 250 250 250 195   0   0 153 255
255 153   0   0 195 250 250 250 250 250 250 195   0   0 153 255
255 153   0   0 167 204 142 173 166 141 185 136   0   0 153 255
255 153   0   0 126 158 124 150 129 123 155  93   0   0 153 255
255 153   0   0 195 250 250 250 250 250 250 195   0   0 153 255
255 153   0   0 195 250 250 250 250 250 250 195   0   0 153 255
255 153   0   0 152 195 195 195 195 195 195 152   0   0 153 255
255 153   0   0   0   0   0   0   0   0   0   0   0   0 153 255
255 153   0   0   0   0   0   0   0   0   0   0   0   0 153 255
255 214 153 153 153 153 153 153 153 153 153 153 153 153 214 255
255 255 255 255 255 255 255 255 255 255 255 255 255 255 255 255
255 255 255 255 255 255 255 255 255 255 255 255 255 255 255 255
255 214 153 153 153 153 153 153 153 153 153 153 153 153 214 255
255 153   0   0   0   0   0   0   0   0   0   0   0   0 153 255
255 153   0   0   0   0   0   0   0   0   0   0   0   0 153 255
255 153   0   0 152 195 195 195 195 195 195 152   0   0 153 255
255 153   0   0 195 250 250 250 250 250 250 195   0   0 153 255
255 153   0   0 195 250 250 250 250 250 250 195   0   0 153 255
255 153   0   0 167 205 141 173 167 141 186 135   0   0 153 255
255 153   0   0 126 159 124 150 130 123 155  93   0   0 153 255
255 153   0   0 195 250 250 250 250 250 250 195   0   0 153 255
255 153   0   0 195 250 250 250 250 250 250 195   0   0 153 255
255 153   0   0 152 195 195 195 195 195 195 152   0   0 153 255
255 153   0   0   0   0   0   0   0   0   0   0   0   0 153 255
255 153   0   0   0   0   0   0   0   0   0   0   0   0 153 255
255 214 153 153 153 153 153 153 153 153 153 153 153 153 214 255
255 255 255 255 255 255 255 255 255 255 255 255 255 255 255 255
255 255 255 255 255 255 255 255 255 255 255 255 255 255 255 255
255 214 153 153 153 153 153 153 153 153 153 153 153 153 214 255
255 153   0   0   0   0   0   0   0   0   0   0   0   0 153 255
255 153   0   0   0   0   0   0   0   0   0   0   0   0 153 255
255 153   0   0 152 195 195 195 195 195 195 152   0   0 153 255
255 153   0   0 195 250 250 250 250 250 250 195   0   0 153 255
255 153   0   0 195 250 250 250 250 250 250 195   0   0 153 255
255 153   0   0 167 201 139 170 164 139 181 133   0   0 153 255
255 153   0   0 126 155 120 147 126 120 151  90   0   0 153 255
255 153   0   0 195 250 250 250 250 250 250 195   0   0 153 255
255 153   0   0 195 250 250 250 250 250 250 195   0   0 153 255
255 153   0   0 152 195 195 195 195 195 195 152   0   0 153 255
255 153   0   0   0   0   0   0   0   0   0   0   0   0 153 255
255 153   0   0   0   0   0   0   0   0   0   0   0   0 153 255
255 214 153 153 153 153 153 153 153 153 153 153 153 153 214 255
255 255 255 255 255 255 255 255 255 255 255 255 255 255 255 255

255 255 255 255 255 255 255 255 255 255 255 255 255 255 255 255
255 214 153 153 153 153 153 153 153 153 153 153 153 153 214 255
255 153   0   0   0   0   0   0   0   0   0   0   0   0 153 255
255 153   0   0   0   0   0   0   0   0   0   0   0   0 153 255
255 153   0   0 152 195 195 136  93 195 195 152   0   0 153 255
255 153   0   0 195 250 250 185 155 250 250 195   0   0 153 255
255 153   0   0 195 250 250 141 123 250 250 195   0   0 153 255
255 153   0   0 195 250 250 166 129 250 250 195   0   0 153 255
255 153   0   0 195 250 250 173 150 250 250 195   0   0 153 255
255 153   0   0 195 250 250 142 124 250 250 195   0   0 153 255
255 153   0   0 195 250 250 204 158 250 250 195   0   0 153 255
255 153   0   0 152 195 195 167 126 195 195 152   0   0 153 255
255 153   0   0   0   0   0   0   0   0   0   0   0   0 153 255
255 153   0   0   0   0   0   0   0   0   0   0   0   0 153 255
255 214 153 153 153 153 153 153 153 153 153 153 153 153 214 255
255 255 255 255 255 255 255 255 255 255 255 255 255 255 255 255
255 255 255 255 255 255 255 255 255 255 255 255 255 255 255 255
255 214 153 153 153 153 153 153 153 153 153 153 153 153 214 255
255 153   0   0   0   0   0   0   0   0   0   0   0   0 153 255
255 153   0   0   0   0   0   0   0   0   0   0   0   0 153 255
255 153   0   0 152 195 195 135  93 195 195 152   0   0 153 255
255 153   0   0 195 250 250 186 155 250 250 195   0   0 153 255
255 153   0   0 195 250 250 141 123 250 250 195   0   0 153 255
255 153   0   0 195 250 250 167 130 250 250 195   0   0 153 255
255 153   0   0 195 250 250 173 150 250 250 195   0   0 153 255
255 153   0   0 195 250 250 141 124 250 250 195   0   0 153 255
255 153   0   0 195 250 250 205 159 250 250 195   0   0 153 255
255 153   0   0 152 195 195 167 126 195 195 152   0   0 153 255
255 153   0   0   0   0   0   0   0   0   0   0   0   0 153 255
255 153   0   0   0   0   0   0   0   0   0   0   0   0 153 255
255 214 153 153 153 153 153 153 153 153 153 153 153 153 214 255
255 255 255 255 255 255 255 255 255 255 255 255 255 255 255 255
255 255 255 255 255 255 255 255 255 255 255 255 255 255 255 255
255 214 153 153 153 153 153 153 153 153 153 153 153 153 214 255
255 153   0   0   0   0   0   0   0   0   0   0   0   0 153 255
255 153   0   0   0   0   0   0   0   0   0   0   0   0 153 255
255 153   0   0 152 195 195 133  90 195 195 152   0   0 153 255
255 153   0   0 195 250 250 181 151 250 250 195   0   0 153 255
255 153   0   0 195 250 250 139 120 250 250 195   0   0 153 255
255 153   0   0 195 250 250 164 126 250 250 195   0   0 153 255
255 153   0   0 195 250 250 170 147 250 250 195   0   0 153 255
255 153   0   0 195 250 250 139 120 250 250 195   0   0 153 255
255 153   0   0 195 250 250 201 155 250 250 195   0   0 153 255
255 153   0   0 152 195 195 167 126 195 195 152   0   0 153 255
255 153   0   0   0   0   0   0   0   0   0   0   0   0 153 255
255 153   0   0   0   0   0   0   0   0   0   0   0   0 153 255
255 214 153 153 153 153 153 153 153 153 153 153 153 153 214 255
255 255 255 255 255 255 255 255 255 255 255 255 255 255 255 255
